CreateObject(3554,691.0999800,574.0999800,9.8000000,0.0000000,0.0000000,0.0000000); //object(visagesign04) (1)
CreateObject(2064,358.7000100,118.1000000,5.2000000,0.0000000,0.0000000,108.0000000); //object(cj_feildgun) (1)
CreateObject(2064,368.8999900,103.5000000,5.2000000,0.0000000,0.0000000,137.9950000); //object(cj_feildgun) (2)
CreateObject(2064,356.7999900,122.1000000,5.3000000,0.0000000,0.0000000,107.9960000); //object(cj_feildgun) (3)
CreateObject(2064,360.6000100,126.3000000,5.5000000,0.0000000,0.0000000,107.9960000); //object(cj_feildgun) (4)
CreateObject(2064,364.5000000,128.8000000,5.7000000,0.0000000,0.0000000,107.9960000); //object(cj_feildgun) (5)
CreateObject(2064,363.7000100,123.3000000,5.5000000,0.0000000,0.0000000,107.9960000); //object(cj_feildgun) (6)
CreateObject(2064,371.6000100,100.4000000,5.1000000,0.0000000,0.0000000,137.9940000); //object(cj_feildgun) (7)
CreateObject(2064,375.7000100,100.6000000,5.2000000,0.0000000,0.0000000,137.9940000); //object(cj_feildgun) (8)
CreateObject(2064,378.3999900,105.4000000,5.4000000,0.0000000,0.0000000,137.9940000); //object(cj_feildgun) (9)
CreateObject(2064,373.8999900,106.2000000,5.4000000,0.0000000,0.0000000,137.9940000); //object(cj_feildgun) (10)
CreateObject(2064,202.1000100,63.9000000,2.1000000,0.0000000,0.0000000,277.9960000); //object(cj_feildgun) (11)
CreateObject(2064,196.2000000,46.5000000,2.1000000,0.0000000,0.0000000,243.9930000); //object(cj_feildgun) (12)
CreateObject(2064,199.3999900,67.3000000,2.2000000,0.0000000,0.0000000,277.9930000); //object(cj_feildgun) (13)
CreateObject(2064,194.7000000,68.1000000,2.1000000,0.0000000,0.0000000,277.9930000); //object(cj_feildgun) (14)
CreateObject(2064,195.0000000,64.6000000,2.1000000,0.0000000,0.0000000,277.9930000); //object(cj_feildgun) (15)
CreateObject(2064,190.8999900,66.6000000,2.1000000,0.0000000,0.0000000,277.9930000); //object(cj_feildgun) (16)
CreateObject(2064,193.1000100,45.2000000,2.1000000,0.0000000,0.0000000,243.9900000); //object(cj_feildgun) (17)
CreateObject(2064,188.0000000,46.6000000,2.1000000,0.0000000,0.0000000,243.9900000); //object(cj_feildgun) (18)
CreateObject(2064,186.6000100,50.3000000,2.0000000,0.0000000,0.0000000,243.9900000); //object(cj_feildgun) (19)
CreateObject(2064,189.8999900,49.0000000,2.0000000,0.0000000,0.0000000,243.9900000); //object(cj_feildgun) (20)
CreateObject(4571,225.7000000,109.4000000,30.0000000,0.0000000,0.0000000,12.0000000); //object(stolenbuilds09) (1)
CreateObject(4585,497.6000100,274.7000100,103.7000000,0.0000000,0.0000000,0.0000000); //object(towerlan2) (1)
CreateObject(4718,607.9000200,246.3999900,35.9000000,0.0000000,0.0000000,26.5000000); //object(gm_build4_lan2) (1)
CreateObject(14611,677.0000000,507.2000100,1.9000000,0.0000000,0.0000000,0.0000000); //object(mafiacasinobarlite) (1)
CreateObject(4564,668.2999900,360.3999900,128.1000100,0.0000000,0.0000000,0.0000000); //object(laskyscrap2_lan) (1)
CreateObject(5882,887.2999900,315.1000100,79.4000000,0.0000000,0.0000000,20.0000000); //object(skyscr01_lawn) (1)
CreateObject(4564,824.2000100,265.7000100,133.6000100,0.0000000,0.0000000,0.0000000); //object(laskyscrap2_lan) (2)
CreateObject(5882,899.9000200,403.0000000,78.3000000,0.0000000,0.0000000,19.9950000); //object(skyscr01_lawn) (2)
CreateObject(7584,284.0000000,814.0999800,56.5000000,0.0000000,0.0000000,33.2500000); //object(miragebuild01) (1)
CreateObject(9907,13.9000000,718.5999800,110.0000000,0.0000000,0.0000000,0.0000000); //object(monolith_sfe)(3)
CreateObject(8421,-75.6000000,674.4000200,32.5000000,0.0000000,0.0000000,3.7500000); //object(pirtehtl02_lvs)(1)
CreateObject(9907,99.9000000,617.9000200,97.5000000,0.0000000,0.0000000,0.0000000); //object(monolith_sfe)(3)
CreateObject(4564,286.8999900,686.0999800,116.3000000,0.0000000,0.0000000,348.7500000); //object(laskyscrap2_lan)(1)
CreateObject(8068,1259.0000000,799.2999900,16.5000000,0.0000000,0.0000000,0.0000000); //object(hseing04_lvs) (1)
CreateObject(8068,1258.5999800,750.7999900,16.5000000,0.0000000,0.0000000,0.0000000); //object(hseing04_lvs) (2)
CreateObject(3279,1263.6999500,724.7000100,9.8000000,0.0000000,0.0000000,0.0000000); //object(a51_spottower)(4)
CreateObject(3554,678.4000200,574.7000100,9.5000000,0.0000000,0.0000000,0.0000000); //object(visagesign04) (2)
CreateObject(3554,665.5999800,574.7000100,9.5000000,0.0000000,0.0000000,0.0000000); //object(visagesign04) (3)
CreateObject(3554,652.9000200,574.9000200,9.5000000,0.0000000,0.0000000,0.0000000); //object(visagesign04) (4)
CreateObject(4564,574.7999900,485.8999900,109.1000000,0.0000000,0.0000000,0.0000000); //object(laskyscrap2_lan)(1)
CreateObject(14537,686.7999900,524.0000000,3.3000000,0.0000000,0.0000000,0.0000000); //object(pdomesbar)(1)
CreateObject(3115,602.7999900,476.3999900,0.0000000,0.0000000,0.0000000,0.0000000); //object(carrier_lift1_sfse)(13)
CreateObject(7584,1011.0999800,350.2000100,64.5000000,0.0000000,0.0000000,5.7450000); //object(miragebuild01) (2)
CreateObject(4602,106.5000000,-47.6000000,71.6000000,0.0000000,0.0000000,0.0000000); //object(laskyscrap4_lan)(1)
CreateObject(4602,108.0000000,-1.8000000,71.0000000,0.0000000,0.0000000,0.0000000); //object(laskyscrap4_lan)(1)
CreateObject(4602,106.2000000,40.6000000,70.8000000,0.0000000,0.0000000,0.0000000); //object(laskyscrap4_lan)(1)
CreateObject(18102,1552.0999800,-1635.9000200,38.0000000,0.0000000,0.0000000,0.0000000); //object(light_box1) (1)
CreateObject(14434,257.7999900,-59.9000000,5.4000000,0.0000000,0.0000000,268.0000000); //object(carter-spotlight42) (1)
CreateObject(934,2327.8000500,1067.1999500,11.1000000,0.0000000,0.0000000,0.0000000); //object(generator_big) (1)
CreateObject(934,2324.1001000,1066.9000200,11.1000000,0.0000000,0.0000000,0.0000000); //object(generator_big) (2)
CreateObject(934,2327.8000500,1061.0000000,11.1000000,0.0000000,0.0000000,0.0000000); //object(generator_big) (3)
CreateObject(934,2324.1001000,1060.8000500,11.1000000,0.0000000,0.0000000,0.0000000); //object(generator_big) (4)
CreateObject(934,2320.6999500,1060.6999500,11.1000000,0.0000000,0.0000000,0.0000000); //object(generator_big) (5)
CreateObject(934,2320.8000500,1066.8000500,11.1000000,0.0000000,0.0000000,0.0000000); //object(generator_big) (6)
CreateObject(934,2327.6999500,1054.9000200,11.1000000,0.0000000,0.0000000,0.0000000); //object(generator_big) (7)
CreateObject(934,2324.1999500,1055.0999800,11.1000000,0.0000000,0.0000000,0.0000000); //object(generator_big) (8)
CreateObject(934,2320.8999000,1055.0999800,11.1000000,0.0000000,0.0000000,0.0000000); //object(generator_big) (9)
CreateObject(934,2317.3999000,1066.5999800,11.1000000,0.0000000,0.0000000,0.0000000); //object(generator_big) (10)
CreateObject(934,2317.6001000,1060.8000500,11.1000000,0.0000000,0.0000000,0.0000000); //object(generator_big) (11)
CreateObject(934,2317.6001000,1054.6999500,11.1000000,0.0000000,0.0000000,0.0000000); //object(generator_big) (12)
CreateObject(934,2314.5000000,1054.5000000,11.1000000,0.0000000,0.0000000,0.0000000); //object(generator_big) (13)
CreateObject(934,2314.6001000,1060.4000200,11.1000000,0.0000000,0.0000000,0.0000000); //object(generator_big) (14)
CreateObject(934,2314.5000000,1066.3000500,11.1000000,0.0000000,0.0000000,0.0000000); //object(generator_big) (15)
CreateObject(934,2311.6001000,1066.1999500,11.1000000,0.0000000,0.0000000,0.0000000); //object(generator_big) (16)
CreateObject(934,2311.6001000,1060.0000000,11.1000000,0.0000000,0.0000000,0.0000000); //object(generator_big) (17)
CreateObject(934,2311.6001000,1054.0999800,11.1000000,0.0000000,0.0000000,0.0000000); //object(generator_big) (18)
CreateObject(934,2309.3000500,1065.8000500,11.1000000,0.0000000,0.0000000,0.0000000); //object(generator_big) (19)
CreateObject(934,2309.1999500,1059.8000500,11.1000000,0.0000000,0.0000000,0.0000000); //object(generator_big) (20)
CreateObject(934,2309.1001000,1053.6999500,11.1000000,0.0000000,0.0000000,0.0000000); //object(generator_big) (21)
CreateObject(920,2331.1001000,1053.0999800,10.3000000,0.0000000,0.0000000,0.0000000); //object(y_generator) (1)
CreateObject(920,2331.0000000,1054.4000200,10.3000000,0.0000000,0.0000000,0.0000000); //object(y_generator) (2)
CreateObject(920,2330.8999000,1055.9000200,10.3000000,0.0000000,0.0000000,0.0000000); //object(y_generator) (3)
CreateObject(920,2330.8000500,1057.5999800,10.3000000,0.0000000,0.0000000,0.0000000); //object(y_generator) (4)
CreateObject(920,2330.8999000,1059.1999500,10.3000000,0.0000000,0.0000000,0.0000000); //object(y_generator) (5)
CreateObject(934,2309.5000000,1047.8000500,11.1000000,0.0000000,0.0000000,0.0000000); //object(generator_big) (22)
CreateObject(934,2312.8000500,1048.0999800,11.1000000,0.0000000,0.0000000,0.0000000); //object(generator_big) (23)
CreateObject(934,2317.3000500,1048.0999800,11.1000000,0.0000000,0.0000000,0.0000000); //object(generator_big) (24)
CreateObject(934,2321.1999500,1048.0000000,11.1000000,0.0000000,0.0000000,0.0000000); //object(generator_big) (25)
CreateObject(934,2324.1999500,1048.1999500,11.1000000,0.0000000,0.0000000,0.0000000); //object(generator_big) (26)
CreateObject(10675,2307.6001000,1034.0999800,13.2000000,0.0000000,0.0000000,0.0000000); //object(elecstionv_sfs) (1)
CreateObject(10675,2323.3999000,1033.8000500,13.2000000,0.0000000,0.0000000,0.0000000); //object(elecstionv_sfs) (2)
CreateObject(10675,2305.0000000,1013.2000100,13.2000000,0.0000000,0.0000000,0.0000000); //object(elecstionv_sfs) (3)
CreateObject(10675,2321.8000500,1013.7999900,13.2000000,0.0000000,0.0000000,0.0000000); //object(elecstionv_sfs) (4)
CreateObject(10675,2321.5000000,995.5000000,13.2000000,0.0000000,0.0000000,0.0000000); //object(elecstionv_sfs) (5)
CreateObject(10675,2304.5000000,993.0999800,13.2000000,0.0000000,0.0000000,0.0000000); //object(elecstionv_sfs) (6)
CreateObject(10675,2282.1999500,992.7000100,13.1000000,0.0000000,0.0000000,0.0000000); //object(elecstionv_sfs) (7)
CreateObject(10675,2257.1999500,1138.3000500,13.2000000,0.0000000,0.0000000,0.0000000); //object(elecstionv_sfs) (8)
CreateObject(3426,2278.6001000,1130.8000500,10.0000000,0.0000000,0.0000000,0.0000000); //object(nt_noddonkbase) (1)
CreateObject(3426,2292.8999000,1125.0000000,10.0000000,0.0000000,0.0000000,0.0000000); //object(nt_noddonkbase) (2)
CreateObject(3426,2306.1999500,1102.6999500,9.3000000,0.0000000,0.0000000,22.0000000); //object(nt_noddonkbase) (3)
CreateObject(1337,2322.7226600,1050.6084000,10.3203100,0.0000000,0.0000000,0.0000000); //object(binnt07_la) (4)
CreateObject(3426,2309.1999500,949.5000000,9.8000000,0.0000000,0.0000000,21.9950000); //object(nt_noddonkbase) (4)
CreateObject(3426,2328.1999500,943.4000200,9.8000000,0.0000000,0.0000000,21.9950000); //object(nt_noddonkbase) (5)
CreateObject(3426,2350.1999500,940.2000100,9.8000000,0.0000000,0.0000000,21.9950000); //object(nt_noddonkbase) (6)
CreateObject(3426,2378.0000000,933.7000100,9.5000000,0.0000000,0.0000000,21.9950000); //object(nt_noddonkbase) (7)
CreateObject(3426,2398.0000000,927.5000000,10.0000000,0.0000000,0.0000000,21.9950000); //object(nt_noddonkbase) (8)
CreateObject(3426,2425.8000500,923.4000200,9.8000000,0.0000000,0.0000000,21.9950000); //object(nt_noddonkbase) (9)
CreateObject(7291,2425.1999500,912.5000000,63.2000000,0.0000000,0.0000000,0.0000000); //object(vegasplant10) (1)
CreateObject(7291,2398.8999000,916.4000200,63.4000000,0.0000000,0.0000000,0.0000000); //object(vegasplant10) (2)
CreateObject(7291,2377.8000500,921.4000200,62.9000000,0.0000000,0.0000000,0.0000000); //object(vegasplant10) (3)
CreateObject(7291,2350.0000000,928.2000100,63.2000000,0.0000000,0.0000000,0.0000000); //object(vegasplant10) (4)
CreateObject(7291,2328.5000000,931.7000100,63.2000000,0.0000000,0.0000000,0.0000000); //object(vegasplant10) (5)
CreateObject(7291,2308.8999000,936.5999800,63.2000000,0.0000000,0.0000000,0.0000000); //object(vegasplant10) (6)
CreateObject(7950,2446.0000000,898.2999900,9.3000000,0.0000000,0.0000000,0.0000000); //object(vegaspumphouse02) (1)
CreateObject(17013,2414.0000000,902.5000000,19.0000000,0.0000000,0.0000000,270.0000000); //object(cuntplant05) (1)
CreateObject(7950,236.3000000,116.5000000,90.7000000,0.0000000,0.0000000,12.0000000); //object(vegaspumphouse02) (2)
CreateObject(7950,234.7000000,103.9000000,90.0000000,0.0000000,0.0000000,186.0000000); //object(vegaspumphouse02) (3)

/*
Objects converted: 108
Vehicles converted: 0
Vehicle models found: 0
----------------------
In the time this conversion took to finish the US national debt has risen by about $1,127.86!
*/
