CreateDynamicObject(17511,113.5996100,-3407.1992200,308.2999900,0.0000000,0.0000000,0.0000000); //object(gwforum1_lae) (1)
CreateDynamicObject(6866,82.6992200,-3407.0996100,323.6000100,0.0000000,0.0000000,130.9900000); //object(circusconstruct03) (1)
CreateDynamicObject(6866,140.8999900,-3403.6001000,323.5000000,0.0000000,0.0000000,319.9990000); //object(circusconstruct03) (2)
CreateDynamicObject(17511,113.6000000,-3407.1999500,303.0000000,179.9950000,0.0000000,0.0000000); //object(gwforum1_lae) (3)
CreateDynamicObject(4188,170.5000000,-3550.3999000,366.5069900,90.0000000,180.0000000,177.9980000); //object(bventuraenv_lan) (3)
CreateDynamicObject(12814,194.1992200,-3541.7998000,368.8999900,179.9950000,90.0000000,0.0000000); //object(cuntyeland04) (1)
CreateDynamicObject(12814,144.3999900,-3541.6001000,368.8999900,179.9950000,90.0000000,180.0000000); //object(cuntyeland04) (2)
CreateDynamicObject(12814,169.3000000,-3516.8000500,368.8999900,179.9950000,90.0000000,90.0000000); //object(cuntyeland04) (3)
CreateDynamicObject(12814,169.3000000,-3566.5000000,368.8999900,179.9950000,90.0000000,270.0000000); //object(cuntyeland04) (4)
CreateDynamicObject(12814,179.2000000,-3541.8000500,354.1000100,179.9950000,0.0000000,0.0000000); //object(cuntyeland04) (5)
CreateDynamicObject(12814,159.3000000,-3541.6999500,354.1000100,179.9950000,0.0000000,0.0000000); //object(cuntyeland04) (6)
CreateDynamicObject(12814,159.3000000,-3541.6999500,383.7999900,0.0000000,0.0000000,0.0000000); //object(cuntyeland04) (7)
CreateDynamicObject(12814,179.2000000,-3541.8000500,383.7999900,0.0000000,0.0000000,0.0000000); //object(cuntyeland04) (8)
CreateDynamicObject(3979,168.6992200,-3549.8994100,366.6000100,90.0000000,179.9950000,179.9950000); //object(bonaventura_lan) (2)
CreateDynamicObject(12814,61.0000000,-3520.1999500,368.8999900,179.9950000,90.0000000,90.0000000); //object(cuntyeland04) (10)
CreateDynamicObject(12814,36.2998000,-3545.2998000,368.8999900,179.9950000,90.0000000,179.9950000); //object(cuntyeland04) (11)
CreateDynamicObject(12814,85.9000000,-3545.1999500,368.8999900,179.9950000,90.0000000,0.0000000); //object(cuntyeland04) (12)
CreateDynamicObject(12814,60.9000000,-3570.1001000,368.8999900,179.9950000,90.0000000,270.0000000); //object(cuntyeland04) (13)
CreateDynamicObject(12814,70.9000000,-3545.1001000,354.1000100,179.9950000,0.0000000,0.0000000); //object(cuntyeland04) (14)
CreateDynamicObject(12814,51.2000000,-3545.1999500,354.1000100,179.9950000,0.0000000,0.0000000); //object(cuntyeland04) (15)
CreateDynamicObject(12814,51.2000000,-3545.1999500,383.7999900,0.0000000,0.0000000,0.0000000); //object(cuntyeland04) (16)
CreateDynamicObject(12814,70.9000000,-3545.1999500,383.7999900,0.0000000,0.0000000,0.0000000); //object(cuntyeland04) (17)
CreateDynamicObject(4188,61.0000000,-3552.6999500,366.5000000,90.0000000,179.9950000,177.9950000); //object(bventuraenv_lan) (5)
CreateDynamicObject(3979,59.3994100,-3552.2998000,366.5000000,90.0000000,179.9950000,179.9950000); //object(bonaventura_lan) (5)
CreateDynamicObject(3437,168.6992200,-3608.6992200,360.5000000,90.0000000,0.0000000,0.0000000); //object(ballypllr01_lvs) (2)
CreateDynamicObject(3437,168.6000100,-3608.6999500,374.8999900,90.0000000,0.0000000,0.0000000); //object(ballypllr01_lvs) (3)
CreateDynamicObject(3437,176.0000000,-3608.6999500,367.5000000,180.0000000,90.0000000,270.0000000); //object(ballypllr01_lvs) (4)
CreateDynamicObject(3437,160.8999900,-3607.3999000,367.5000000,179.9950000,90.0000000,270.0000000); //object(ballypllr01_lvs) (5)
CreateDynamicObject(3437,168.6000100,-3608.6999500,367.6000100,90.0000000,0.0000000,0.0000000); //object(ballypllr01_lvs) (6)
CreateDynamicObject(3437,168.6000100,-3608.6999500,367.5000000,179.9950000,90.0000000,270.0000000); //object(ballypllr01_lvs) (7)
CreateDynamicObject(3437,173.6000100,-3608.3999000,372.5000000,45.0000000,90.0000000,270.0000000); //object(ballypllr01_lvs) (8)
CreateDynamicObject(3437,163.0996100,-3608.6992200,362.5000000,44.9950000,90.0000000,270.0000000); //object(ballypllr01_lvs) (9)
CreateDynamicObject(3437,173.8000000,-3608.6999500,362.2000100,315.0050000,90.0000000,270.0000000); //object(ballypllr01_lvs) (10)
CreateDynamicObject(3437,163.3999900,-3607.1001000,373.2000100,315.0050000,90.0000000,270.0000000); //object(ballypllr01_lvs) (11)
CreateDynamicObject(2780,176.1000100,-3614.1001000,367.2000100,0.0000000,0.0000000,0.0000000); //object(cj_smoke_mach) (5)
CreateDynamicObject(2780,173.8999900,-3614.6001000,362.0000000,0.0000000,0.0000000,0.0000000); //object(cj_smoke_mach) (6)
CreateDynamicObject(2780,168.7000000,-3614.6001000,360.2999900,0.0000000,0.0000000,0.0000000); //object(cj_smoke_mach) (7)
CreateDynamicObject(2780,163.1000100,-3614.6001000,362.2000100,0.0000000,0.0000000,0.0000000); //object(cj_smoke_mach) (8)
CreateDynamicObject(2780,160.8999900,-3613.3000500,367.2000100,0.0000000,0.0000000,0.0000000); //object(cj_smoke_mach) (9)
CreateDynamicObject(2780,163.5000000,-3613.0000000,372.7999900,0.0000000,0.0000000,0.0000000); //object(cj_smoke_mach) (10)
CreateDynamicObject(2780,164.5000000,132.3999900,532.7999900,0.0000000,0.0000000,0.0000000); //object(cj_smoke_mach) (11)
CreateDynamicObject(2780,168.7000000,-3614.6001000,374.6000100,0.0000000,0.0000000,0.0000000); //object(cj_smoke_mach) (12)
CreateDynamicObject(2780,173.7000000,-3614.3000500,372.2000100,0.0000000,0.0000000,0.0000000); //object(cj_smoke_mach) (13)
CreateDynamicObject(2780,168.5000000,-3614.6001000,367.3999900,0.0000000,0.0000000,0.0000000); //object(cj_smoke_mach) (14)
CreateDynamicObject(7238,115.4000000,-3453.6999500,330.7999900,0.0000000,0.0000000,4.0000000); //object(vegasplant02) (1)
CreateDynamicObject(3873,169.5996100,-3516.8994100,368.2000100,90.0000000,0.0000000,179.9950000); //object(silicon04_sfs) (1)
CreateDynamicObject(3873,63.0000000,-3518.8000500,368.3999900,90.0000000,0.0000000,179.9950000); //object(silicon04_sfs) (2)
CreateDynamicObject(8357,108.5000000,-3543.8000500,251.1000100,0.0000000,0.0000000,180.0000000); //object(vgssairportland14) (1)
CreateDynamicObject(8357,128.2000000,-3543.8999000,270.7999900,0.0000000,90.0000000,0.0000000); //object(vgssairportland14) (5)
CreateDynamicObject(8357,128.1992200,-3543.8994100,270.7999900,0.0000000,90.0000000,180.0000000); //object(vgssairportland14) (6)
CreateDynamicObject(8357,108.5000000,-3543.7998000,251.1000100,179.9950000,0.0000000,179.9950000); //object(vgssairportland14) (7)
CreateDynamicObject(8357,108.5000000,-3543.8994100,290.3999900,0.0000000,179.9950000,359.9950000); //object(vgssairportland14) (8)
CreateDynamicObject(8357,108.5000000,-3543.8994100,290.3999900,180.0000000,179.9950000,359.9950000); //object(vgssairportland14) (9)
CreateDynamicObject(8357,88.9000000,-3543.8999000,270.5000000,0.0000000,90.0000000,179.9950000); //object(vgssairportland14) (10)
CreateDynamicObject(8357,88.8994100,-3543.8994100,270.5000000,0.0000000,90.0000000,0.0000000); //object(vgssairportland14) (11)
CreateDynamicObject(12814,110.3000000,-3409.3000500,264.7000100,0.0000000,270.0000000,270.0000000); //object(cuntyeland04) (1)
CreateDynamicObject(12814,134.8999900,-3433.8999000,264.7000100,0.0000000,270.0000000,180.0000000); //object(cuntyeland04) (1)
CreateDynamicObject(12814,85.5000000,-3434.1001000,264.7000100,0.0000000,270.0000000,0.0000000); //object(cuntyeland04) (1)
CreateDynamicObject(12814,110.4000000,-3458.6999500,264.7000100,0.0000000,270.0000000,90.0000000); //object(cuntyeland04) (1)
CreateDynamicObject(12814,110.3994100,-3458.6992200,276.7000100,0.0000000,270.0000000,90.0000000); //object(cuntyeland04) (1)
CreateDynamicObject(12814,134.8999900,-3433.8999000,273.2000100,0.0000000,270.0000000,179.9950000); //object(cuntyeland04) (1)
CreateDynamicObject(12814,110.3000000,-3409.3000500,273.0000000,0.0000000,270.0000000,270.0000000); //object(cuntyeland04) (1)
CreateDynamicObject(12814,85.5000000,-3434.1001000,273.5000000,0.0000000,270.0000000,0.0000000); //object(cuntyeland04) (1)
CreateDynamicObject(7236,113.8994100,-3535.6992200,315.7000100,0.0000000,0.0000000,0.0000000); //object(vegasplant03b) (2)
CreateDynamicObject(3873,99.2000000,-3537.1001000,370.2000100,90.0000000,180.0000000,269.9940000); //object(silicon04_sfs) (3)
CreateDynamicObject(3873,130.8999900,-3538.6999500,370.2000100,90.0000000,180.0050000,90.0000000); //object(silicon04_sfs) (4)
CreateDynamicObject(7236,113.8994100,-3536.0996100,343.7000100,179.9950000,0.0000000,0.0000000); //object(vegasplant03b) (6)
CreateDynamicObject(6932,128.2998000,-3548.2998000,353.3999900,1.3790000,46.0110000,331.0570000); //object(vegasplant07) (1)
CreateDynamicObject(6932,96.9000000,-3548.0000000,352.3999900,1.3840000,46.0160000,206.5580000); //object(vegasplant07) (4)
CreateDynamicObject(3113,117.4000000,-3649.8000500,287.7999900,358.0770000,196.2490000,269.8050000); //object(carrier_door_sfse) (2)
CreateDynamicObject(3113,100.1992200,-3656.8994100,249.7000000,0.4450000,290.9950000,270.6650000); //object(carrier_door_sfse) (3)
CreateDynamicObject(3113,99.6000000,-3650.1999500,288.2999900,358.0720000,196.2490000,271.0550000); //object(carrier_door_sfse) (5)
CreateDynamicObject(3113,117.2000000,-3656.6001000,249.8000000,0.4450000,290.9950000,270.6650000); //object(carrier_door_sfse) (6)
CreateDynamicObject(9931,113.9000000,-3484.5000000,267.7000100,0.0000000,0.0000000,268.7480000); //object(church_sfe) (1)
CreateDynamicObject(3941,92.3000000,-3524.1999500,253.7000000,0.0000000,0.0000000,0.0000000); //object(comms02) (1)
CreateDynamicObject(3437,59.6000000,-3611.1001000,360.5000000,90.0000000,0.0000000,0.0000000); //object(ballypllr01_lvs) (2)
CreateDynamicObject(3437,59.6000000,-3611.1001000,374.5000000,90.0000000,0.0000000,0.0000000); //object(ballypllr01_lvs) (2)
CreateDynamicObject(3437,52.0000000,-3611.0000000,367.1000100,0.0000000,90.0000000,270.0000000); //object(ballypllr01_lvs) (2)
CreateDynamicObject(3437,66.2000000,-3611.1999500,367.1000100,0.0000000,90.0000000,270.0000000); //object(ballypllr01_lvs) (2)
CreateDynamicObject(3437,59.7000000,-3610.8999000,367.6000100,0.0000000,90.0000000,270.0000000); //object(ballypllr01_lvs) (2)
CreateDynamicObject(3437,59.6000000,-3610.8999000,367.7000100,90.0000000,0.0000000,0.0000000); //object(ballypllr01_lvs) (2)
CreateDynamicObject(3437,64.0000000,-3611.0000000,372.6000100,45.0000000,90.0000000,270.0000000); //object(ballypllr01_lvs) (2)
CreateDynamicObject(3437,54.4000000,-3611.0000000,362.6000100,44.9950000,90.0000000,270.0000000); //object(ballypllr01_lvs) (2)
CreateDynamicObject(3437,64.6000000,-3610.0000000,363.0000000,315.0050000,90.0000000,270.0000000); //object(ballypllr01_lvs) (2)
CreateDynamicObject(3437,54.2000000,-3611.0000000,372.2999900,315.0050000,90.0000000,270.0000000); //object(ballypllr01_lvs) (2)
CreateDynamicObject(2780,59.8000000,-3616.8000500,367.3999900,0.0000000,0.0000000,0.0000000); //object(cj_smoke_mach) (15)
CreateDynamicObject(2780,66.5000000,-3616.3999000,366.3999900,0.0000000,0.0000000,0.0000000); //object(cj_smoke_mach) (16)
CreateDynamicObject(2780,52.1000000,-3617.5000000,366.3999900,0.0000000,0.0000000,0.0000000); //object(cj_smoke_mach) (17)
CreateDynamicObject(2780,54.3000000,-3617.3000500,371.7000100,0.0000000,0.0000000,0.0000000); //object(cj_smoke_mach) (18)
CreateDynamicObject(2780,59.3000000,-3616.8999000,373.7000100,0.0000000,0.0000000,0.0000000); //object(cj_smoke_mach) (19)
CreateDynamicObject(2780,64.3000000,-3616.5000000,371.8999900,0.0000000,0.0000000,0.0000000); //object(cj_smoke_mach) (20)
CreateDynamicObject(2780,59.8000000,-3616.8000500,359.8999900,0.0000000,0.0000000,0.0000000); //object(cj_smoke_mach) (21)
CreateDynamicObject(2780,64.8000000,-3616.3999000,362.7000100,0.0000000,0.0000000,0.0000000); //object(cj_smoke_mach) (22)
CreateDynamicObject(2780,54.3000000,-3617.1999500,362.2000100,0.0000000,0.0000000,0.0000000); //object(cj_smoke_mach) (23)
CreateDynamicObject(3279,123.9000000,-3529.5000000,251.1000100,0.0000000,0.0000000,181.2500000); //object(a51_spottower) (1)
CreateDynamicObject(14390,126.5000000,-3377.8994100,305.2999900,0.0000000,0.0000000,0.0000000); //object(madddoggs04) (1)
CreateDynamicObject(2957,97.9000000,-3399.0000000,303.6000100,0.0000000,0.0000000,180.7500000); //object(chinatgaragedoor) (1)
CreateDynamicObject(2957,98.4000000,-3379.6001000,303.6000100,0.0000000,0.0000000,179.9950000); //object(chinatgaragedoor) (3)
CreateDynamicObject(2957,111.9000000,-3377.5000000,303.6000100,0.0000000,0.0000000,90.0000000); //object(chinatgaragedoor) (5)
CreateDynamicObject(14476,114.0000000,-3371.6999500,299.7999900,0.0000000,0.0000000,90.2470000); //object(carlscrap) (1)
CreateDynamicObject(16649,126.7998000,-3369.6992200,301.2999900,0.0000000,0.0000000,0.0000000); //object(a51_entstair) (1)
CreateDynamicObject(2957,131.8994100,-3369.8994100,305.7000100,0.0000000,0.0000000,90.0000000); //object(chinatgaragedoor) (6)
CreateDynamicObject(2957,131.8999900,-3373.1001000,303.2999900,0.0000000,0.0000000,90.0000000); //object(chinatgaragedoor) (7)
CreateDynamicObject(2957,131.8994100,-3366.3994100,303.2999900,0.0000000,0.0000000,90.0000000); //object(chinatgaragedoor) (8)
CreateDynamicObject(2957,119.8000000,-3372.8000500,301.1000100,0.0000000,0.0000000,90.0000000); //object(chinatgaragedoor) (10)
CreateDynamicObject(2957,120.9000000,-3366.1001000,304.2999900,0.0000000,0.0000000,93.7500000); //object(chinatgaragedoor) (12)
CreateDynamicObject(2957,120.9000000,-3366.1001000,305.7999900,0.0000000,0.0000000,93.7460000); //object(chinatgaragedoor) (18)
CreateDynamicObject(14638,106.3000000,-3370.6001000,299.7000100,0.0000000,0.0000000,0.0000000); //object(ab_mafsuitedoor) (1)
CreateDynamicObject(14638,106.3000000,-3369.1999500,299.7000100,0.0000000,0.0000000,0.0000000); //object(ab_mafsuitedoor) (2)
CreateDynamicObject(10974,109.4000000,-3602.3999000,293.0000000,0.0000000,0.0000000,90.0000000); //object(mall_01_sfs) (1)
CreateDynamicObject(10974,109.4000000,-3512.6001000,293.0000000,0.0000000,0.0000000,90.0000000); //object(mall_01_sfs) (2)
CreateDynamicObject(3638,132.8999900,-3495.1999500,294.1000100,0.0000000,0.0000000,0.0000000); //object(elecstionv_las) (1)
CreateDynamicObject(3638,85.8000000,-3493.6001000,294.1000100,0.0000000,0.0000000,0.0000000); //object(elecstionv_las) (2)
CreateDynamicObject(1337,91.4902300,-3512.7304700,291.2734400,0.0000000,0.0000000,0.0000000); //object(binnt07_la) (8)
CreateDynamicObject(7947,158.3999900,88.3000000,452.7999900,0.0000000,0.0000000,0.0000000); //object(vegaspumphouse1) (1)
CreateDynamicObject(14789,161.5000000,-3392.3000500,306.2999900,0.0000000,0.0000000,180.0000000); //object(ab_sfgymmain1) (1)
CreateDynamicObject(2957,136.1000100,-3373.6999500,303.3999900,0.0000000,0.0000000,90.0000000); //object(chinatgaragedoor) (6)
CreateDynamicObject(2957,138.8999900,-3367.8000500,303.3999900,0.0000000,0.0000000,180.0000000); //object(chinatgaragedoor) (6)
CreateDynamicObject(2957,144.8000000,-3367.8000500,303.3999900,0.0000000,0.0000000,179.9950000); //object(chinatgaragedoor) (6)
CreateDynamicObject(2957,141.5000000,-3367.8000500,306.0000000,0.0000000,0.0000000,179.9950000); //object(chinatgaragedoor) (6)
CreateDynamicObject(14596,116.9000000,-3350.8999000,306.8999900,0.0000000,0.0000000,180.5000000); //object(paperchase_stairs) (1)
CreateDynamicObject(2957,123.3000000,-3351.3000500,303.2999900,0.0000000,0.0000000,90.0000000); //object(chinatgaragedoor) (8)
CreateDynamicObject(2957,123.3000000,-3357.8999000,303.2999900,0.0000000,0.0000000,90.0000000); //object(chinatgaragedoor) (8)
CreateDynamicObject(2957,123.3000000,-3354.6001000,300.5000000,0.0000000,0.0000000,90.0000000); //object(chinatgaragedoor) (8)
CreateDynamicObject(2957,123.3000000,-3354.6001000,306.1000100,0.0000000,0.0000000,90.0000000); //object(chinatgaragedoor) (8)
CreateDynamicObject(2957,97.9000000,-3399.0000000,306.7000100,0.0000000,0.0000000,180.7450000); //object(chinatgaragedoor) (1)
CreateDynamicObject(14638,98.7000000,-3398.8999000,302.0000000,0.0000000,0.0000000,92.0000000); //object(ab_mafsuitedoor) (3)
CreateDynamicObject(1703,108.7000000,-3371.8000500,299.7000100,0.0000000,0.0000000,0.0000000); //object(kb_couch02) (1)
CreateDynamicObject(1703,111.3000000,-3371.8000500,299.7000100,0.0000000,0.0000000,0.0000000); //object(kb_couch02) (2)
CreateDynamicObject(2296,112.0000000,-3375.0000000,299.7000100,0.0000000,0.0000000,180.0000000); //object(tv_unit_1) (1)
CreateDynamicObject(1703,119.2000000,-3373.0000000,299.7000100,0.0000000,0.0000000,270.0000000); //object(kb_couch02) (3)
CreateDynamicObject(1703,116.0000000,-3375.0000000,299.7000100,0.0000000,0.0000000,90.0000000); //object(kb_couch02) (4)
CreateDynamicObject(1703,116.6000000,-3372.3000500,299.7000100,0.0000000,0.0000000,0.0000000); //object(kb_couch02) (5)
CreateDynamicObject(1499,119.8000000,-3370.5000000,299.3999900,0.0000000,0.0000000,90.0000000); //object(gen_doorint05) (1)
CreateDynamicObject(2957,119.8000000,-3366.8000500,300.7000100,0.0000000,0.0000000,90.0000000); //object(chinatgaragedoor) (10)
CreateDynamicObject(2957,119.8000000,-3370.0000000,303.5000000,0.0000000,0.0000000,90.0000000); //object(chinatgaragedoor) (10)
CreateDynamicObject(14791,143.5000000,-3394.8999000,304.1000100,0.0000000,0.0000000,0.0000000); //object(a_vgsgymboxa) (1)
CreateDynamicObject(14791,155.5000000,-3394.8999000,304.1000100,0.0000000,0.0000000,0.0000000); //object(a_vgsgymboxa) (2)
CreateDynamicObject(2627,159.1000100,-3387.6999500,302.1000100,0.0000000,0.0000000,90.0000000); //object(gym_treadmill) (1)
CreateDynamicObject(2627,159.1000100,-3386.6001000,302.1000100,0.0000000,0.0000000,90.0000000); //object(gym_treadmill) (2)
CreateDynamicObject(2627,159.1000100,-3385.5000000,302.1000100,0.0000000,0.0000000,90.0000000); //object(gym_treadmill) (3)
CreateDynamicObject(2627,159.1000100,-3384.3999000,302.1000100,0.0000000,0.0000000,90.0000000); //object(gym_treadmill) (4)
CreateDynamicObject(2627,159.1000100,-3383.3000500,302.1000100,0.0000000,0.0000000,90.0000000); //object(gym_treadmill) (5)
CreateDynamicObject(2628,158.8000000,-3375.6001000,302.1000100,0.0000000,0.0000000,270.0000000); //object(gym_bench2) (1)
CreateDynamicObject(2628,158.8000000,-3374.3999000,302.1000100,0.0000000,0.0000000,270.0000000); //object(gym_bench2) (2)
CreateDynamicObject(2628,158.8000000,-3373.1999500,302.1000100,0.0000000,0.0000000,270.0000000); //object(gym_bench2) (3)
CreateDynamicObject(2628,158.8000000,-3372.0000000,302.1000100,0.0000000,0.0000000,270.0000000); //object(gym_bench2) (4)
CreateDynamicObject(2630,158.7000000,-3380.6999500,302.1000100,0.0000000,0.0000000,270.0000000); //object(gym_bike) (1)
CreateDynamicObject(2630,158.7000000,-3379.6999500,302.1000100,0.0000000,0.0000000,270.0000000); //object(gym_bike) (2)
CreateDynamicObject(2630,158.7000000,-3378.6999500,302.1000100,0.0000000,0.0000000,270.0000000); //object(gym_bike) (3)
CreateDynamicObject(2630,158.7000000,-3377.6999500,302.1000100,0.0000000,0.0000000,270.0000000); //object(gym_bike) (4)
CreateDynamicObject(14791,147.8000000,-3383.1001000,304.1000100,0.0000000,0.0000000,0.0000000); //object(a_vgsgymboxa) (3)
CreateDynamicObject(2632,140.8999900,-3385.6001000,302.1000100,0.0000000,0.0000000,0.0000000); //object(gym_mat02) (1)
CreateDynamicObject(2632,140.8999900,-3382.8000500,302.1000100,0.0000000,0.0000000,0.0000000); //object(gym_mat02) (3)
CreateDynamicObject(2632,140.8999900,-3380.0000000,302.1000100,0.0000000,0.0000000,0.0000000); //object(gym_mat02) (4)
CreateDynamicObject(2632,140.8999900,-3377.3000500,302.1000100,0.0000000,0.0000000,0.0000000); //object(gym_mat02) (5)
CreateDynamicObject(946,148.3000000,-3388.8000500,304.2999900,0.0000000,0.0000000,0.0000000); //object(bskball_lax) (1)
CreateDynamicObject(1710,140.2000000,-3362.0000000,302.0000000,0.0000000,0.0000000,90.0000000); //object(kb_couch07) (1)
CreateDynamicObject(14391,147.2000000,-3358.3000500,303.0000000,0.0000000,0.0000000,270.0000000); //object(dr_gsnew07) (1)
CreateDynamicObject(2957,146.7000000,-3357.5000000,301.5000000,0.0000000,0.0000000,179.9950000); //object(chinatgaragedoor) (6)
CreateDynamicObject(2957,147.8000000,-3357.5000000,301.5000000,0.0000000,0.0000000,179.9950000); //object(chinatgaragedoor) (6)
CreateDynamicObject(14399,134.8999900,-3359.1999500,301.8999900,0.0000000,0.0000000,0.0000000); //object(bar2) (1)
CreateDynamicObject(1432,133.3999900,-3352.8999000,302.1000100,0.0000000,0.0000000,0.0000000); //object(dyn_table_2) (1)
CreateDynamicObject(1432,129.6000100,-3355.1001000,302.1000100,0.0000000,0.0000000,46.0000000); //object(dyn_table_2) (2)
CreateDynamicObject(1432,126.3000000,-3352.6999500,302.1000100,0.0000000,0.0000000,4.0000000); //object(dyn_table_2) (3)
CreateDynamicObject(18102,151.6000100,-3358.3000500,308.0000000,0.0000000,0.0000000,0.0000000); //object(light_box1) (1)
CreateDynamicObject(18102,136.5000000,-3356.0000000,308.0000000,0.0000000,0.0000000,0.0000000); //object(light_box1) (2)
CreateDynamicObject(2957,117.8000000,-3355.5000000,303.3999900,0.0000000,0.0000000,90.0000000); //object(chinatgaragedoor) (8)
CreateDynamicObject(2957,117.8000000,-3355.5000000,306.1000100,0.0000000,0.0000000,90.0000000); //object(chinatgaragedoor) (8)
CreateDynamicObject(2949,122.2000000,-3353.8999000,307.7000100,0.0000000,0.0000000,0.0000000); //object(kmb_lockeddoor) (1)
CreateDynamicObject(2957,122.3000000,-3355.5000000,309.1000100,0.0000000,0.0000000,90.0000000); //object(chinatgaragedoor) (8)
CreateDynamicObject(2949,122.2000000,-3353.8999000,313.6000100,0.0000000,0.0000000,0.0000000); //object(kmb_lockeddoor) (2)
CreateDynamicObject(2957,122.3000000,-3355.5000000,315.1000100,0.0000000,0.0000000,90.0000000); //object(chinatgaragedoor) (8)
CreateDynamicObject(1337,109.8974600,-3384.2168000,326.1159700,0.0000000,0.0000000,0.0000000); //object(binnt07_la) (3)
CreateDynamicObject(5142,111.2000000,-3382.8000500,330.6000100,0.0000000,0.0000000,0.0000000); //object(las2plaza1bit) (1)
CreateDynamicObject(3115,131.8000000,-3353.6999500,323.7999900,0.0000000,0.0000000,0.0000000); //object(carrier_lift1_sfse) (5)
CreateDynamicObject(3115,110.7000000,-3353.6999500,323.7999900,0.0000000,0.0000000,0.0000000); //object(carrier_lift1_sfse) (6)
CreateDynamicObject(3115,89.6000000,-3353.6999500,323.7999900,0.0000000,0.0000000,0.0000000); //object(carrier_lift1_sfse) (7)
CreateDynamicObject(3115,110.7000000,-3334.8999000,323.7999900,0.0000000,0.0000000,0.0000000); //object(carrier_lift1_sfse) (8)
CreateDynamicObject(3115,131.8000000,-3334.8999000,323.7999900,0.0000000,0.0000000,0.0000000); //object(carrier_lift1_sfse) (9)
CreateDynamicObject(3115,89.6000000,-3334.8999000,323.7999900,0.0000000,0.0000000,0.0000000); //object(carrier_lift1_sfse) (10)
CreateDynamicObject(3115,89.6000000,-3316.1001000,323.7999900,0.0000000,0.0000000,0.0000000); //object(carrier_lift1_sfse) (12)
CreateDynamicObject(3115,131.8000000,-3316.1001000,323.7999900,0.0000000,0.0000000,0.0000000); //object(carrier_lift1_sfse) (13)
CreateDynamicObject(3279,72.9000000,-3355.3000500,318.2000100,0.0000000,0.0000000,0.0000000); //object(a51_spottower) (2)
CreateDynamicObject(3279,148.2000000,-3353.1999500,318.2000100,0.0000000,0.0000000,180.0000000); //object(a51_spottower) (3)
CreateDynamicObject(3267,98.8000000,-3308.1999500,323.6000100,0.0000000,0.0000000,0.0000000); //object(mil_samsite) (1)
CreateDynamicObject(3267,80.0000000,-3308.1999500,323.6000100,0.0000000,0.0000000,0.0000000); //object(mil_samsite) (2)
CreateDynamicObject(3267,122.4000000,-3308.5000000,323.6000100,0.0000000,0.0000000,0.0000000); //object(mil_samsite) (3)
CreateDynamicObject(3267,141.0000000,-3308.5000000,323.6000100,0.0000000,0.0000000,0.0000000); //object(mil_samsite) (4)
CreateDynamicObject(3934,89.0000000,-3315.5000000,324.1000100,0.0000000,0.0000000,90.0000000); //object(helipad01) (1)
CreateDynamicObject(3934,132.2000000,-3315.8999000,324.1000100,0.0000000,0.0000000,90.0000000); //object(helipad01) (2)
CreateDynamicObject(3095,111.0000000,-3401.1999500,340.2000100,180.0000000,0.0000000,0.0000000); //object(a51_jetdoor) (1)
CreateDynamicObject(3095,111.0000000,-3401.1999500,344.5000000,0.0000000,0.0000000,0.0000000); //object(a51_jetdoor) (2)
CreateDynamicObject(3095,107.1000000,-3401.1999500,340.6000100,90.0000000,0.0000000,270.0000000); //object(a51_jetdoor) (3)
CreateDynamicObject(3095,114.9000000,-3401.1999500,340.6000100,90.0000000,0.0000000,90.0000000); //object(a51_jetdoor) (4)
CreateDynamicObject(3095,111.0000000,-3405.1999500,340.6000100,90.0000000,180.0000000,180.0000000); //object(a51_jetdoor) (5)
CreateDynamicObject(2944,110.1000000,-3405.1001000,341.6000100,0.0000000,0.0000000,90.0000000); //object(freight_sfw_door) (1)
CreateDynamicObject(1649,112.8000000,-3397.1001000,342.8999900,0.0000000,0.0000000,0.0000000); //object(wglasssmash) (1)
CreateDynamicObject(1649,109.2000000,-3397.1001000,342.8999900,0.0000000,0.0000000,1.0000000); //object(wglasssmash) (3)
CreateDynamicObject(2957,112.6000000,-3397.1001000,339.7999900,0.0000000,0.0000000,0.0000000); //object(chinatgaragedoor) (2)
CreateDynamicObject(2957,109.0000000,-3397.1001000,339.7999900,0.0000000,0.0000000,0.0000000); //object(chinatgaragedoor) (4)
CreateDynamicObject(1649,109.1992200,-3397.0996100,342.8999900,0.0000000,0.0000000,180.0000000); //object(wglasssmash) (4)
CreateDynamicObject(1649,112.7998000,-3397.0996100,342.8999900,0.0000000,0.0000000,179.7500000); //object(wglasssmash) (5)
CreateDynamicObject(9819,110.9000000,-3398.3999000,340.8999900,0.0000000,0.0000000,90.0000000); //object(shpbridge_sfw02) (1)
CreateDynamicObject(1715,109.0000000,-3399.6001000,340.2000100,0.0000000,0.0000000,180.0000000); //object(kb_swivelchair2) (1)
CreateDynamicObject(1715,111.9000000,-3399.6001000,340.2000100,0.0000000,0.0000000,179.9950000); //object(kb_swivelchair2) (2)
CreateDynamicObject(16782,107.5000000,-3401.5000000,343.0000000,0.0000000,0.0000000,0.0000000); //object(a51_radar_scan) (1)
CreateDynamicObject(16782,114.6000000,-3401.1999500,343.0000000,0.0000000,0.0000000,180.0000000); //object(a51_radar_scan) (2)
CreateDynamicObject(2944,107.1000000,-3404.5000000,341.6000100,0.0000000,0.0000000,183.0000000); //object(freight_sfw_door) (2)
CreateDynamicObject(2944,106.5000000,-3404.5000000,341.6000100,0.0000000,0.0000000,181.7490000); //object(freight_sfw_door) (3)
CreateDynamicObject(1595,110.7000000,-3399.0000000,350.1000100,0.0000000,0.0000000,180.0000000); //object(satdishbig) (1)
CreateDynamicObject(3763,96.6000000,-3388.0000000,365.6000100,0.0000000,0.0000000,0.0000000); //object(ce_radarmast3) (1)
CreateDynamicObject(3030,114.0000000,-3403.6999500,345.1000100,0.0000000,0.0000000,0.0000000); //object(wongs_erection) (1)
CreateDynamicObject(7347,107.0000000,-3442.0000000,291.0000000,0.0000000,0.0000000,180.0000000); //object(vgsn_pipeworks01) (1)
CreateDynamicObject(5130,127.2000000,-3394.3000500,335.8999900,0.0000000,0.0000000,0.0000000); //object(imcompstrs02) (1)

/*
Objects converted: 215
Vehicles converted: 0
Vehicle models found: 0
----------------------
convertFFS converted your input in 0.06 seconds - Chuck Norris could have done it in 0.0009 seconds!
*/
